Map from character to field name
A:	Cook County
B:	Global
C:	King County
D:	Los Angeles County
E:	New York City
F:	North America
G:	Other California
H:	?


Substitution rate (mu): 343.093348

Equilibrium frequencies (pi_i):
  A: 0.183
  B: 0.0551
  C: 0.1435
  D: 0.2252
  E: 0.1214
  F: 0.1305
  G: 0.1413

Symmetrized rates from j->i (W_ij):
	A	B	C	D	E	F	G
  A	0	0.1231	0.0483	0.6699	0.4712	0.3094	0.4422
  B	0.1231	0	1.5756	1.6128	6.3039	8.1452	1.5704
  C	0.0483	1.5756	0	0.4168	0.2195	0.9646	0.1026
  D	0.6699	1.6128	0.4168	0	1.6026	1.5046	1.4895
  E	0.4712	6.3039	0.2195	1.6026	0	5.9536	0.5214
  F	0.3094	8.1452	0.9646	1.5046	5.9536	0	1.0379
  G	0.4422	1.5704	0.1026	1.4895	0.5214	1.0379	0

Actual rates from j->i (Q_ij):
	A	B	C	D	E	F	G
  A	0	0.0225	0.0088	0.1226	0.0862	0.0566	0.0809
  B	0.0068	0	0.0868	0.0888	0.3472	0.4486	0.0865
  C	0.0069	0.2262	0	0.0598	0.0315	0.1385	0.0147
  D	0.1509	0.3632	0.0939	0	0.3609	0.3388	0.3354
  E	0.0572	0.7652	0.0266	0.1945	0	0.7227	0.0633
  F	0.0404	1.0627	0.1258	0.1963	0.7767	0	0.1354
  G	0.0625	0.222	0.0145	0.2105	0.0737	0.1467	0
