Map from character to field name
A:	Cook County
B:	Global
C:	Los Angeles County
D:	New York City
E:	North America
F:	Other California
G:	Washington
H:	?


Substitution rate (mu): 369.537465

Equilibrium frequencies (pi_i):
  A: 0.1734
  B: 0.0587
  C: 0.2235
  D: 0.1169
  E: 0.1339
  F: 0.1481
  G: 0.1455

Symmetrized rates from j->i (W_ij):
	A	B	C	D	E	F	G
  A	0	0.1384	0.6487	0.4655	0.3432	0.503	0.0428
  B	0.1384	0	1.4624	5.5733	7.1694	1.7077	1.3601
  C	0.6487	1.4624	0	1.3357	1.7823	1.8468	0.3445
  D	0.4655	5.5733	1.3357	0	5.4806	0.5456	0.182
  E	0.3432	7.1694	1.7823	5.4806	0	1.1025	0.9672
  F	0.503	1.7077	1.8468	0.5456	1.1025	0	0.1021
  G	0.0428	1.3601	0.3445	0.182	0.9672	0.1021	0

Actual rates from j->i (Q_ij):
	A	B	C	D	E	F	G
  A	0	0.024	0.1125	0.0807	0.0595	0.0872	0.0074
  B	0.0081	0	0.0858	0.327	0.4207	0.1002	0.0798
  C	0.145	0.3269	0	0.2986	0.3984	0.4128	0.077
  D	0.0544	0.6515	0.1561	0	0.6406	0.0638	0.0213
  E	0.046	0.9601	0.2387	0.7339	0	0.1476	0.1295
  F	0.0745	0.253	0.2736	0.0808	0.1633	0	0.0151
  G	0.0062	0.1979	0.0501	0.0265	0.1407	0.0149	0
