Map from character to field name
A:	Cook County
B:	Global
C:	King County
D:	Los Angeles County
E:	New York County
F:	North America
G:	?


Substitution rate (mu): 351.953368

Equilibrium frequencies (pi_i):
  A: 0.1673
  B: 0.0569
  C: 0.1847
  D: 0.2739
  E: 0.1479
  F: 0.1694

Symmetrized rates from j->i (W_ij):
	A	B	C	D	E	F
  A	0	0.0828	0.0408	0.6492	0.3865	0.3029
  B	0.0828	0	1.241	1.2399	5.0491	7.4387
  C	0.0408	1.241	0	0.3509	0.182	0.8587
  D	0.6492	1.2399	0.3509	0	1.1752	1.697
  E	0.3865	5.0491	0.182	1.1752	0	5.0996
  F	0.3029	7.4387	0.8587	1.697	5.0996	0

Actual rates from j->i (Q_ij):
	A	B	C	D	E	F
  A	0	0.0138	0.0068	0.1086	0.0646	0.0507
  B	0.0047	0	0.0706	0.0705	0.2871	0.423
  C	0.0075	0.2292	0	0.0648	0.0336	0.1586
  D	0.1778	0.3396	0.0961	0	0.3219	0.4648
  E	0.0572	0.7466	0.0269	0.1738	0	0.7541
  F	0.0513	1.2599	0.1454	0.2874	0.8637	0
